Best Run by DQN - score = 4172
Initialization
[[0. 0. 0. 2.]
 [0. 0. 0. 0.]
 [0. 0. 0. 0.]
 [0. 0. 0. 0.]]
next action: UP

Step 1
[[0. 0. 0. 2.]
 [0. 0. 0. 0.]
 [0. 0. 0. 0.]
 [0. 0. 0. 0.]]
next action: RIGHT

Step 2
[[0. 0. 0. 2.]
 [0. 0. 0. 0.]
 [0. 0. 0. 0.]
 [0. 0. 0. 0.]]
next action: LEFT

Step 3
[[2. 0. 0. 0.]
 [0. 0. 0. 0.]
 [0. 0. 0. 0.]
 [2. 0. 0. 0.]]
next action: LEFT

Step 4
[[2. 0. 0. 0.]
 [0. 0. 0. 0.]
 [0. 0. 0. 0.]
 [2. 0. 0. 0.]]
next action: RIGHT

Step 5
[[0. 0. 0. 2.]
 [0. 2. 0. 0.]
 [0. 0. 0. 2.]
 [0. 0. 0. 2.]]
next action: LEFT

Step 6
[[2. 0. 0. 0.]
 [2. 0. 0. 0.]
 [2. 0. 0. 0.]
 [2. 0. 2. 0.]]
next action: DOWN

Step 7
[[0. 0. 0. 2.]
 [0. 0. 0. 0.]
 [4. 0. 0. 0.]
 [4. 0. 2. 0.]]
next action: LEFT

Step 8
[[2. 0. 0. 0.]
 [0. 0. 2. 0.]
 [4. 0. 0. 0.]
 [4. 2. 0. 0.]]
next action: LEFT

Step 9
[[2. 2. 0. 0.]
 [2. 0. 0. 0.]
 [4. 0. 0. 0.]
 [4. 2. 0. 0.]]
next action: RIGHT



Step 10
[[0. 0. 0. 4.]
 [0. 2. 0. 2.]
 [0. 0. 0. 4.]
 [0. 2. 4. 2.]]
next action: LEFT

Step 11
[[4. 0. 0. 0.]
 [4. 0. 0. 4.]
 [4. 0. 0. 0.]
 [2. 4. 2. 0.]]
next action: DOWN

Step 12
[[0. 0. 0. 0.]
 [4. 0. 0. 0.]
 [8. 2. 0. 0.]
 [2. 4. 2. 4.]]
next action: UP

Step 13
[[4. 2. 2. 4.]
 [8. 4. 0. 0.]
 [2. 0. 0. 0.]
 [0. 0. 2. 0.]]
next action: LEFT

Step 14
[[4. 4. 4. 0.]
 [8. 4. 0. 2.]
 [2. 0. 0. 0.]
 [2. 0. 0. 2.]]
next action: DOWN

Step 15
[[0. 2. 0. 0.]
 [4. 0. 0. 0.]
 [8. 0. 0. 0.]
 [4. 8. 4. 4.]]
next action: UP

Step 16
[[4. 2. 4. 4.]
 [8. 8. 2. 2.]
 [4. 0. 0. 0.]
 [0. 0. 0. 0.]]
next action: LEFT

Step 17
[[ 4.  2.  8.  0.]
 [16.  4.  0.  0.]
 [ 4.  0.  0.  2.]
 [ 0.  0.  0.  0.]]
next action: UP

Step 18
[[ 4.  2.  8.  2.]
 [16.  4.  0.  0.]
 [ 4.  0.  0.  0.]
 [ 0.  2.  0.  0.]]
next action: DOWN

Step 19
[[ 0.  0.  2.  0.]
 [ 4.  2.  2.  0.]
 [16.  4.  0.  0.]
 [ 4.  2.  8.  2.]]
next action: LEFT

Step 20
[[ 2.  0.  0.  0.]
 [ 4.  4.  0.  0.]
 [16.  4.  0.  4.]
 [ 4.  2.  8.  2.]]
next action: RIGHT

Step 21
[[ 0.  0.  0.  2.]
 [ 2.  0.  0.  8.]
 [ 0.  0. 16.  8.]
 [ 4.  2.  8.  2.]]
next action: LEFT

Step 22
[[ 2.  0.  0.  0.]
 [ 2.  8.  0.  2.]
 [16.  8.  0.  0.]
 [ 4.  2.  8.  2.]]
next action: DOWN

Step 23
[[ 0.  0.  0.  0.]
 [ 4.  0.  0.  0.]
 [16. 16.  2.  0.]
 [ 4.  2.  8.  4.]]
next action: DOWN

Step 24
[[ 0.  0.  0.  0.]
 [ 4.  0.  0.  0.]
 [16. 16.  2.  0.]
 [ 4.  2.  8.  4.]]
next action: UP

Step 25
[[ 4. 16.  2.  4.]
 [16.  2.  8.  0.]
 [ 4.  0.  0.  0.]
 [ 0.  0.  0.  2.]]
next action: UP

Step 26
[[ 4. 16.  2.  4.]
 [16.  2.  8.  2.]
 [ 4.  0.  0.  0.]
 [ 0.  2.  0.  0.]]
next action: RIGHT

Step 27
[[ 4. 16.  2.  4.]
 [16.  2.  8.  2.]
 [ 0.  0.  0.  4.]
 [ 0.  2.  0.  2.]]
next action: DOWN

Step 28
[[ 0.  0.  2.  4.]
 [ 0.  0.  0.  2.]
 [ 4. 16.  2.  4.]
 [16.  4.  8.  2.]]
next action: LEFT

Step 29
[[ 2.  4.  0.  0.]
 [ 2.  2.  2.  0.]
 [ 4. 16.  2.  4.]
 [16.  4.  8.  2.]]
next action: RIGHT

Step 30
[[ 0.  0.  2.  4.]
 [ 2.  0.  2.  4.]
 [ 4. 16.  2.  4.]
 [16.  4.  8.  2.]]
next action: UP

Step 31
[[ 2. 16.  4.  8.]
 [ 4.  4.  2.  4.]
 [16.  0.  8.  2.]
 [ 0.  2.  0.  0.]]
next action: RIGHT

Step 32
[[ 2. 16.  4.  8.]
 [ 2.  8.  2.  4.]
 [ 0. 16.  8.  2.]
 [ 0.  0.  0.  2.]]
next action: UP

Step 33
[[ 4. 16.  4.  8.]
 [ 0.  8.  2.  4.]
 [ 2. 16.  8.  4.]
 [ 0.  0.  0.  0.]]
next action: RIGHT

Step 34
[[ 4. 16.  4.  8.]
 [ 0.  8.  2.  4.]
 [ 2. 16.  8.  4.]
 [ 0.  0.  0.  0.]]
next action: UP

Step 35
[[ 4. 16.  4.  8.]
 [ 2.  8.  2.  8.]
 [ 0. 16.  8.  0.]
 [ 0.  0.  0.  2.]]
next action: RIGHT

Step 36
[[ 4. 16.  4.  8.]
 [ 2.  8.  2.  8.]
 [ 0.  0. 16.  8.]
 [ 0.  0.  2.  2.]]
next action: UP

Step 37
[[ 4. 16.  4. 16.]
 [ 2.  8.  2.  8.]
 [ 2.  0. 16.  2.]
 [ 0.  0.  2.  0.]]
next action: RIGHT

Step 38
[[ 4. 16.  4. 16.]
 [ 2.  8.  2.  8.]
 [ 2.  2. 16.  2.]
 [ 0.  0.  4.  2.]]
next action: UP

Step 39
[[ 4. 16.  4. 16.]
 [ 4.  8.  2.  8.]
 [ 2.  2. 16.  4.]
 [ 2.  0.  4.  0.]]
next action: DOWN

Step 40
[[ 0.  0.  4.  2.]
 [ 0. 16.  2. 16.]
 [ 8.  8. 16.  8.]
 [ 4.  2.  4.  4.]]
next action: UP

Step 41
[[ 8. 16.  4.  2.]
 [ 4.  8.  2. 16.]
 [ 4.  2. 16.  8.]
 [ 0.  0.  4.  4.]]
next action: UP

Step 42
[[ 8. 16.  4.  2.]
 [ 8.  8.  2. 16.]
 [ 2.  2. 16.  8.]
 [ 0.  2.  4.  4.]]
next action: RIGHT

Step 43
[[ 8. 16.  4.  2.]
 [ 0. 16.  2. 16.]
 [ 2.  4. 16.  8.]
 [ 0.  0.  2.  8.]]
next action: LEFT

Step 44
[[ 8. 16.  4.  2.]
 [16.  2. 16.  0.]
 [ 2.  4. 16.  8.]
 [ 2.  8.  2.  2.]]
next action: DOWN

Step 45
[[ 0. 16.  0.  2.]
 [ 8.  2.  4.  2.]
 [16.  4. 32.  8.]
 [ 4.  8.  2.  2.]]
next action: RIGHT

Step 46
[[ 2.  0. 16.  2.]
 [ 8.  2.  4.  2.]
 [16.  4. 32.  8.]
 [ 0.  4.  8.  4.]]
next action: RIGHT

Step 47
[[ 0.  2. 16.  2.]
 [ 8.  2.  4.  2.]
 [16.  4. 32.  8.]
 [ 2.  4.  8.  4.]]
next action: UP

Step 48
[[ 8.  4. 16.  4.]
 [16.  8.  4.  8.]
 [ 2.  0. 32.  4.]
 [ 0.  0.  8.  2.]]
next action: RIGHT

Step 49
[[ 8.  4. 16.  4.]
 [16.  8.  4.  8.]
 [ 0.  2. 32.  4.]
 [ 0.  2.  8.  2.]]
next action: DOWN

Step 50
[[ 0.  2. 16.  4.]
 [ 0.  4.  4.  8.]
 [ 8.  8. 32.  4.]
 [16.  4.  8.  2.]]
next action: UP

Step 51
[[ 8.  2. 16.  4.]
 [16.  4.  4.  8.]
 [ 2.  8. 32.  4.]
 [ 0.  4.  8.  2.]]
next action: RIGHT

Step 52
[[ 8.  2. 16.  4.]
 [ 4. 16.  8.  8.]
 [ 2.  8. 32.  4.]
 [ 0.  4.  8.  2.]]
next action: RIGHT

Step 53
[[ 8.  2. 16.  4.]
 [ 2.  4. 16. 16.]
 [ 2.  8. 32.  4.]
 [ 0.  4.  8.  2.]]
next action: LEFT

Step 54
[[ 8.  2. 16.  4.]
 [ 2.  4. 32.  0.]
 [ 2.  8. 32.  4.]
 [ 4.  8.  2.  2.]]
next action: RIGHT

Step 55
[[ 8.  2. 16.  4.]
 [ 0.  2.  4. 32.]
 [ 2.  8. 32.  4.]
 [ 4.  4.  8.  4.]]
next action: RIGHT

Step 56
[[ 8.  2. 16.  4.]
 [ 2.  2.  4. 32.]
 [ 2.  8. 32.  4.]
 [ 0.  8.  8.  4.]]
next action: RIGHT

Step 57
[[ 8.  2. 16.  4.]
 [ 0.  4.  4. 32.]
 [ 2.  8. 32.  4.]
 [ 2.  0. 16.  4.]]
next action: UP

Step 58
[[ 8.  2. 16.  4.]
 [ 4.  4.  4. 32.]
 [ 0.  8. 32.  8.]
 [ 0.  2. 16.  0.]]
next action: LEFT

Step 59
[[ 8.  2. 16.  4.]
 [ 8.  4. 32.  0.]
 [ 8. 32.  8.  2.]
 [ 2. 16.  0.  0.]]
next action: LEFT

Step 60
[[ 8.  2. 16.  4.]
 [ 8.  4. 32.  0.]
 [ 8. 32.  8.  2.]
 [ 2. 16.  0.  0.]]
next action: LEFT

Step 61
[[ 8.  2. 16.  4.]
 [ 8.  4. 32.  0.]
 [ 8. 32.  8.  2.]
 [ 2. 16.  0.  0.]]
next action: LEFT

Step 62
[[ 8.  2. 16.  4.]
 [ 8.  4. 32.  0.]
 [ 8. 32.  8.  2.]
 [ 2. 16.  0.  0.]]
next action: UP

Step 63
[[16.  2. 16.  4.]
 [ 8.  4. 32.  2.]
 [ 2. 32.  8.  0.]
 [ 0. 16.  0.  2.]]
next action: UP

Step 64
[[16.  2. 16.  4.]
 [ 8.  4. 32.  4.]
 [ 2. 32.  8.  0.]
 [ 0. 16.  0.  2.]]
next action: UP

Step 65
[[16.  2. 16.  8.]
 [ 8.  4. 32.  2.]
 [ 2. 32.  8.  0.]
 [ 0. 16.  2.  0.]]
next action: DOWN

Step 66
[[ 2.  2. 16.  0.]
 [16.  4. 32.  0.]
 [ 8. 32.  8.  8.]
 [ 2. 16.  2.  2.]]
next action: LEFT

Step 67
[[ 4. 16.  0.  2.]
 [16.  4. 32.  0.]
 [ 8. 32. 16.  0.]
 [ 2. 16.  4.  0.]]
next action: RIGHT

Step 68
[[ 0.  4. 16.  2.]
 [ 0. 16.  4. 32.]
 [ 2.  8. 32. 16.]
 [ 0.  2. 16.  4.]]
next action: RIGHT

Step 69
[[ 0.  4. 16.  2.]
 [ 0. 16.  4. 32.]
 [ 2.  8. 32. 16.]
 [ 0.  2. 16.  4.]]
next action: DOWN

Step 70
[[ 0.  4. 16.  2.]
 [ 0. 16.  4. 32.]
 [ 2.  8. 32. 16.]
 [ 2.  2. 16.  4.]]
next action: LEFT

Step 71
[[ 4. 16.  2.  2.]
 [16.  4. 32.  0.]
 [ 2.  8. 32. 16.]
 [ 4. 16.  4.  0.]]
next action: RIGHT

Step 72
[[ 0.  4. 16.  4.]
 [ 2. 16.  4. 32.]
 [ 2.  8. 32. 16.]
 [ 0.  4. 16.  4.]]
next action: UP

Step 73
[[ 4.  4. 16.  4.]
 [ 2. 16.  4. 32.]
 [ 0.  8. 32. 16.]
 [ 0.  4. 16.  4.]]
next action: RIGHT

Step 74
[[ 0.  8. 16.  4.]
 [ 2. 16.  4. 32.]
 [ 0.  8. 32. 16.]
 [ 2.  4. 16.  4.]]
next action: LEFT

Step 75
[[ 8. 16.  4.  2.]
 [ 2. 16.  4. 32.]
 [ 8. 32. 16.  0.]
 [ 2.  4. 16.  4.]]
next action: DOWN

Step 76
[[ 8.  0.  0.  2.]
 [ 2. 32.  0.  2.]
 [ 8. 32.  8. 32.]
 [ 2.  4. 32.  4.]]
next action: LEFT

Step 77
[[ 8.  2.  0.  2.]
 [ 2. 32.  2.  0.]
 [ 8. 32.  8. 32.]
 [ 2.  4. 32.  4.]]
next action: DOWN

Step 78
[[ 8.  2.  0.  0.]
 [ 2.  2.  2.  2.]
 [ 8. 64.  8. 32.]
 [ 2.  4. 32.  4.]]
next action: RIGHT

Step 79
[[ 0.  2.  8.  2.]
 [ 0.  0.  4.  4.]
 [ 8. 64.  8. 32.]
 [ 2.  4. 32.  4.]]
next action: UP

Step 80
[[ 8.  2.  8.  2.]
 [ 2. 64.  4.  4.]
 [ 2.  4.  8. 32.]
 [ 0.  2. 32.  4.]]
next action: UP

Step 81
[[ 8.  2.  8.  2.]
 [ 4. 64.  4.  4.]
 [ 2.  4.  8. 32.]
 [ 0.  2. 32.  4.]]
next action: UP

Step 82
[[ 8.  2.  8.  2.]
 [ 4. 64.  4.  4.]
 [ 2.  4.  8. 32.]
 [ 0.  2. 32.  4.]]
next action: DOWN

Step 83
[[ 4.  8.  2.  0.]
 [ 8. 64.  8.  0.]
 [ 8.  8. 32.  0.]
 [ 4. 32.  4.  0.]]
next action: RIGHT

Step 84
[[ 0.  4.  8.  2.]
 [ 0.  8. 64.  8.]
 [ 0.  0. 16. 32.]
 [ 2.  4. 32.  4.]]
next action: DOWN

Step 85
[[ 2.  2.  8.  2.]
 [ 0.  4. 64.  8.]
 [ 0.  8. 16. 32.]
 [ 2.  4. 32.  4.]]
next action: LEFT

Step 86
[[ 4.  8.  2.  2.]
 [ 4. 64.  8.  0.]
 [ 8. 16. 32.  0.]
 [ 2.  4. 32.  4.]]
next action: RIGHT

Step 87
[[ 2.  4.  8.  4.]
 [ 0.  4. 64.  8.]
 [ 2.  8. 16. 32.]
 [ 2.  4. 32.  4.]]
next action: RIGHT

Step 88
[[ 2.  4.  8.  4.]
 [ 0.  4. 64.  8.]
 [ 2.  8. 16. 32.]
 [ 2.  4. 32.  4.]]
next action: DOWN

Step 89
[[ 0.  2.  8.  4.]
 [ 0.  8. 64.  8.]
 [ 2.  8. 16. 32.]
 [ 4.  4. 32.  4.]]
next action: DOWN

Step 90
[[ 0.  0.  8.  4.]
 [ 2.  2. 64.  8.]
 [ 2. 16. 16. 32.]
 [ 4.  4. 32.  4.]]
next action: LEFT

Step 91
[[ 8.  4.  2.  0.]
 [ 4. 64.  8.  0.]
 [ 2. 32. 32.  0.]
 [ 8. 32.  4.  4.]]
next action: LEFT

Step 92
[[ 8.  4.  2.  2.]
 [ 4. 64.  8.  2.]
 [ 2. 64.  0.  0.]
 [ 8. 32.  8.  0.]]
next action: DOWN

Step 93
[[  8.   0.   0.   0.]
 [  4.   4.   2.   0.]
 [  2. 128.   2.   0.]
 [  8.  32.  16.   4.]]
next action: UP

Step 94
[[  8.   4.   4.   4.]
 [  4. 128.  16.   0.]
 [  2.  32.   0.   0.]
 [  8.   0.   0.   4.]]
next action: UP

Step 95
[[  8.   4.   4.   8.]
 [  4. 128.  16.   0.]
 [  2.  32.   0.   0.]
 [  8.   0.   0.   2.]]
next action: UP

Step 96
[[  8.   4.   4.   8.]
 [  4. 128.  16.   2.]
 [  2.  32.   0.   0.]
 [  8.   0.   2.   0.]]
next action: DOWN

Step 97
[[  8.   0.   2.   0.]
 [  4.   4.   4.   2.]
 [  2. 128.  16.   8.]
 [  8.  32.   2.   2.]]
next action: RIGHT

Step 98
[[  0.   0.   8.   2.]
 [  0.   4.   8.   2.]
 [  2. 128.  16.   8.]
 [  2.   8.  32.   4.]]
next action: UP

Step 99
[[  4.   4.  16.   4.]
 [  0. 128.  16.   8.]
 [  0.   8.  32.   4.]
 [  2.   0.   0.   0.]]
next action: DOWN

Step 100
[[  0.   0.   0.   2.]
 [  0.   4.   0.   4.]
 [  4. 128.  32.   8.]
 [  2.   8.  32.   4.]]
next action: UP

Step 101
[[  4.   4.  64.   2.]
 [  2. 128.   0.   4.]
 [  2.   8.   0.   8.]
 [  0.   0.   0.   4.]]
next action: RIGHT

Step 102
[[  0.   8.  64.   2.]
 [  0.   2. 128.   4.]
 [  2.   0.   2.  16.]
 [  0.   0.   0.   4.]]
next action: RIGHT

Step 103
[[  0.   8.  64.   2.]
 [  0.   2. 128.   4.]
 [  4.   0.   4.  16.]
 [  0.   0.   0.   4.]]
next action: UP

Step 104
[[  4.   8.  64.   2.]
 [  4.   2. 128.   4.]
 [  2.   0.   4.  16.]
 [  0.   0.   0.   4.]]
next action: UP

Step 105
[[  8.   8.  64.   2.]
 [  2.   2. 128.   4.]
 [  0.   0.   4.  16.]
 [  2.   0.   0.   4.]]
next action: RIGHT

Step 106
[[  0.  16.  64.   2.]
 [  0.   4. 128.   4.]
 [  0.   0.   4.  16.]
 [  2.   0.   2.   4.]]
next action: UP

Step 107
[[  2.  16.  64.   2.]
 [  2.   4. 128.   4.]
 [  0.   0.   4.  16.]
 [  0.   0.   2.   4.]]
next action: RIGHT

Step 108
[[  2.  16.  64.   2.]
 [  2.   4. 128.   4.]
 [  0.   0.   4.  16.]
 [  0.   0.   2.   4.]]
next action: DOWN

Step 109
[[  0.   0.  64.   2.]
 [  0.   0. 128.   4.]
 [  4.  16.   4.  16.]
 [  4.   4.   2.   4.]]
next action: LEFT

Step 110
[[ 64.   2.   4.   0.]
 [128.   4.   0.   0.]
 [  4.  16.   4.  16.]
 [  8.   2.   4.   0.]]
next action: UP

Step 111
[[ 64.   2.   8.  16.]
 [128.   4.   4.   0.]
 [  4.  16.   0.   0.]
 [  8.   2.   2.   0.]]
next action: LEFT

Step 112
[[ 64.   2.   8.  16.]
 [128.   8.   0.   0.]
 [  4.  16.   2.   0.]
 [  8.   4.   0.   0.]]
next action: LEFT

Step 113
[[ 64.   2.   8.  16.]
 [128.   8.   0.   0.]
 [  4.  16.   2.   0.]
 [  8.   4.   0.   0.]]
next action: DOWN

Step 114
[[ 64.   2.   2.   0.]
 [128.   8.   0.   0.]
 [  4.  16.   8.   0.]
 [  8.   4.   2.  16.]]
next action: UP

Step 115
[[ 64.   2.   2.  16.]
 [128.   8.   8.   2.]
 [  4.  16.   2.   0.]
 [  8.   4.   0.   2.]]
next action: DOWN

Step 116
[[ 64.   2.   2.   0.]
 [128.   8.   2.   0.]
 [  4.  16.   8.  16.]
 [  8.   4.   2.   4.]]
next action: UP

Step 117
[[ 64.   2.   4.  16.]
 [128.   8.   8.   4.]
 [  4.  16.   2.   4.]
 [  8.   4.   0.   0.]]
next action: UP

Step 118
[[ 64.   2.   4.  16.]
 [128.   8.   8.   8.]
 [  4.  16.   2.   0.]
 [  8.   4.   4.   2.]]
next action: RIGHT

Step 119
[[ 64.   2.   4.  16.]
 [  0. 128.   8.  16.]
 [  2.   4.  16.   2.]
 [  0.   8.   8.   2.]]
next action: UP

Step 120
[[ 64.   2.   4.  32.]
 [  2. 128.   8.   4.]
 [  2.   4.  16.   0.]
 [  0.   8.   8.   0.]]
next action: RIGHT

Step 121
[[ 64.   2.   4.  32.]
 [  2. 128.   8.   4.]
 [  2.   2.   4.  16.]
 [  0.   0.   0.  16.]]
next action: LEFT

Step 122
[[ 64.   2.   4.  32.]
 [  2. 128.   8.   4.]
 [  4.   4.  16.   0.]
 [ 16.   2.   0.   0.]]
next action: RIGHT

Step 123
[[ 64.   2.   4.  32.]
 [  2. 128.   8.   4.]
 [  0.   2.   8.  16.]
 [  0.   0.  16.   2.]]
next action: UP

Step 124
[[ 64.   2.   4.  32.]
 [  2. 128.  16.   4.]
 [  0.   2.  16.  16.]
 [  2.   0.   0.   2.]]
next action: UP

Step 125
[[ 64.   2.   4.  32.]
 [  4. 128.  32.   4.]
 [  0.   2.   0.  16.]
 [  0.   2.   0.   2.]]
next action: LEFT

Step 126
[[ 64.   2.   4.  32.]
 [  4. 128.  32.   4.]
 [  2.  16.   0.   0.]
 [  4.   0.   0.   2.]]
next action: UP

Step 127
[[ 64.   2.   4.  32.]
 [  4. 128.  32.   4.]
 [  2.  16.   0.   2.]
 [  4.   2.   0.   0.]]
next action: LEFT

Step 128
[[ 64.   2.   4.  32.]
 [  4. 128.  32.   4.]
 [  2.  16.   2.   0.]
 [  4.   2.   0.   2.]]
next action: LEFT

Step 129
[[ 64.   2.   4.  32.]
 [  4. 128.  32.   4.]
 [  2.  16.   2.   0.]
 [  4.   4.   2.   0.]]
next action: DOWN

Step 130
[[ 64.   2.   4.   0.]
 [  4. 128.   4.   0.]
 [  2.  16.  32.  32.]
 [  4.   4.   4.   4.]]
next action: RIGHT

Step 131
[[  0.  64.   2.   4.]
 [  0.   4. 128.   4.]
 [  0.   2.  16.  64.]
 [  0.   2.   8.   8.]]
next action: UP

Step 132
[[  0.  64.   2.   8.]
 [  4.   4. 128.  64.]
 [  0.   4.  16.   8.]
 [  0.   0.   8.   0.]]
next action: UP

Step 133
[[  4.  64.   2.   8.]
 [  0.   8. 128.  64.]
 [  0.   0.  16.   8.]
 [  2.   0.   8.   0.]]
next action: LEFT

Step 134
[[  4.  64.   2.   8.]
 [  8. 128.  64.   0.]
 [ 16.   8.   0.   2.]
 [  2.   8.   0.   0.]]
next action: DOWN

Step 135
[[  4.   2.   0.   0.]
 [  8.  64.   0.   0.]
 [ 16. 128.   2.   8.]
 [  2.  16.  64.   2.]]
next action: LEFT

Step 136
[[  4.   2.   0.   0.]
 [  8.  64.   0.   0.]
 [ 16. 128.   2.   8.]
 [  2.  16.  64.   2.]]
next action: DOWN

Step 137
[[  4.   2.   0.   0.]
 [  8.  64.   0.   0.]
 [ 16. 128.   2.   8.]
 [  2.  16.  64.   2.]]
next action: LEFT

Step 138
[[  4.   2.   0.   0.]
 [  8.  64.   0.   0.]
 [ 16. 128.   2.   8.]
 [  2.  16.  64.   2.]]
next action: UP

Step 139
[[  4.   2.   2.   8.]
 [  8.  64.  64.   2.]
 [ 16. 128.   2.   0.]
 [  2.  16.   0.   0.]]
next action: RIGHT

Step 140
[[  0.   4.   4.   8.]
 [  0.   8. 128.   2.]
 [  2.  16. 128.   2.]
 [  0.   0.   2.  16.]]
next action: UP

Step 141
[[  2.   4.   4.   8.]
 [  2.   8. 256.   4.]
 [  0.  16.   2.  16.]
 [  0.   0.   0.   0.]]
next action: DOWN

Step 142
[[  0.   0.   0.   0.]
 [  2.   4.   4.   8.]
 [  0.   8. 256.   4.]
 [  4.  16.   2.  16.]]
next action: RIGHT

Step 143
[[  0.   4.   0.   0.]
 [  0.   2.   8.   8.]
 [  0.   8. 256.   4.]
 [  4.  16.   2.  16.]]
next action: UP

Step 144
[[  4.   4.   8.   8.]
 [  0.   2. 256.   4.]
 [  0.   8.   2.  16.]
 [  2.  16.   0.   0.]]
next action: DOWN

Step 145
[[  0.   4.   2.   0.]
 [  0.   2.   8.   8.]
 [  4.   8. 256.   4.]
 [  2.  16.   2.  16.]]
next action: DOWN

Step 146
[[  0.   4.   2.   0.]
 [  0.   2.   8.   8.]
 [  4.   8. 256.   4.]
 [  2.  16.   2.  16.]]
next action: UP

Step 147
[[  4.   4.   2.   8.]
 [  2.   2.   8.   4.]
 [  2.   8. 256.  16.]
 [  0.  16.   2.   2.]]
next action: UP

Step 148
[[  4.   4.   2.   8.]
 [  4.   2.   8.   4.]
 [  0.   8. 256.  16.]
 [  2.  16.   2.   2.]]
next action: UP

Step 149
[[  8.   4.   2.   8.]
 [  2.   2.   8.   4.]
 [  0.   8. 256.  16.]
 [  2.  16.   2.   2.]]
next action: LEFT

Step 150
[[  8.   4.   2.   8.]
 [  4.   8.   4.   0.]
 [  8. 256.  16.   2.]
 [  2.  16.   4.   2.]]
next action: DOWN

Step 151
[[  8.   4.   2.   4.]
 [  4.   8.   4.   0.]
 [  8. 256.  16.   8.]
 [  2.  16.   4.   4.]]
next action: LEFT

Step 152
[[  8.   4.   2.   4.]
 [  4.   8.   4.   0.]
 [  8. 256.  16.   8.]
 [  2.  16.   8.   4.]]
next action: RIGHT

Step 153
[[  8.   8.   2.   8.]
 [  2. 256.   8.   8.]
 [  8.  16.  16.   4.]
 [  2.   0.   8.   0.]]
next action: DOWN

Step 154
[[  8.   0.   2.   2.]
 [  2.   8.   8.   0.]
 [  8. 256.  16.  16.]
 [  2.  16.   8.   4.]]
next action: LEFT

Step 155
[[  8.   4.   2.   0.]
 [  2.  16.   0.   0.]
 [  8. 256.  32.   0.]
 [  2.  16.   8.   4.]]
next action: DOWN

Step 156
[[  8.   4.   0.   0.]
 [  2.  16.   2.   2.]
 [  8. 256.  32.   0.]
 [  2.  16.   8.   4.]]
next action: UP

Step 157
[[  8.   4.   2.   2.]
 [  2.  16.  32.   4.]
 [  8. 256.   8.   2.]
 [  2.  16.   0.   0.]]
next action: RIGHT

Step 158
[[  2.   8.   4.   4.]
 [  2.  16.  32.   4.]
 [  8. 256.   8.   2.]
 [  0.   0.   2.  16.]]
next action: LEFT

Step 159
[[  2.   8.   8.   2.]
 [  2.  16.  32.   4.]
 [  8. 256.   8.   2.]
 [  2.  16.   2.   0.]]
next action: DOWN

Step 160
[[  0.   8.   8.   2.]
 [  4.  16.  32.   2.]
 [  8. 256.   8.   4.]
 [  2.  16.   2.   2.]]
next action: DOWN

Step 161
[[  0.   8.   8.   2.]
 [  4.  16.  32.   4.]
 [  8. 256.   8.   4.]
 [  2.  16.   2.   2.]]
next action: DOWN

Step 162
[[  4.   8.   8.   0.]
 [  4.  16.  32.   2.]
 [  8. 256.   8.   8.]
 [  2.  16.   2.   2.]]
next action: RIGHT

Step 163
[[  0.   0.   4.  16.]
 [  4.  16.  32.   2.]
 [  2.   8. 256.  16.]
 [  0.   2.  16.   4.]]
next action: LEFT

Step 164
[[  4.  16.   0.   0.]
 [  4.  16.  32.   2.]
 [  2.   8. 256.  16.]
 [  2.  16.   4.   2.]]
next action: RIGHT

Step 165
[[  2.   2.   4.  16.]
 [  4.  16.  32.   2.]
 [  4.   8. 256.  16.]
 [  0.  16.   4.   2.]]
next action: UP

Step 166
[[  2.   2.   4.  16.]
 [  8.  16.  32.   2.]
 [  0.   8. 256.  16.]
 [  2.  16.   4.   2.]]
next action: LEFT

Step 167
[[  4.   4.  16.   0.]
 [  8.  16.  32.   2.]
 [  8. 256.  16.   2.]
 [  2.  16.   4.   2.]]
next action: LEFT

Step 168
[[  8.  16.   2.   0.]
 [  8.  16.  32.   2.]
 [  8. 256.  16.   2.]
 [  2.  16.   4.   2.]]
next action: UP

Step 169
[[ 16.  32.   2.   4.]
 [  8. 256.  32.   2.]
 [  2.  16.  16.   0.]
 [  2.   0.   4.   0.]]
next action: LEFT

Step 170
[[ 16.  32.   2.   4.]
 [  8. 256.  32.   2.]
 [  2.  32.   0.   4.]
 [  2.   4.   0.   0.]]
next action: LEFT

Step 171
[[ 16.  32.   2.   4.]
 [  8. 256.  32.   2.]
 [  2.  32.   4.   2.]
 [  2.   4.   0.   0.]]
next action: DOWN

Step 172
[[  0.  32.   0.   2.]
 [ 16. 256.   2.   0.]
 [  8.  32.  32.   4.]
 [  4.   4.   4.   4.]]
next action: UP

Step 173
[[ 16.  32.   2.   2.]
 [  8. 256.  32.   8.]
 [  4.  32.   4.   0.]
 [  0.   4.   2.   0.]]
next action: DOWN

Step 174
[[  2.  32.   2.   0.]
 [ 16. 256.  32.   0.]
 [  8.  32.   4.   2.]
 [  4.   4.   2.   8.]]
next action: DOWN

Step 175
[[  2.  32.   2.   0.]
 [ 16. 256.  32.   0.]
 [  8.  32.   4.   2.]
 [  4.   4.   2.   8.]]
next action: RIGHT

Step 176
[[  2.   2.  32.   2.]
 [  2.  16. 256.  32.]
 [  8.  32.   4.   2.]
 [  0.   8.   2.   8.]]
next action: RIGHT

Step 177
[[  0.   4.  32.   2.]
 [  2.  16. 256.  32.]
 [  8.  32.   4.   2.]
 [  2.   8.   2.   8.]]
next action: DOWN

Step 178
[[  0.   4.  32.   2.]
 [  2.  16. 256.  32.]
 [  8.  32.   4.   2.]
 [  2.   8.   2.   8.]]
next action: LEFT

Step 179
[[  4.  32.   4.   0.]
 [  2.  16. 256.  32.]
 [  8.  32.   4.   2.]
 [  2.   8.   2.   8.]]
next action: UP

Step 180
[[  4.  32.   4.  32.]
 [  2.  16. 256.   2.]
 [  8.  32.   4.   8.]
 [  2.   8.   4.   0.]]
next action: UP

Step 181
[[  4.  32.   4.  32.]
 [  2.  16. 256.   2.]
 [  8.  32.   8.   8.]
 [  2.   8.   2.   0.]]
next action: LEFT

Step 182
[[  4.  32.   4.  32.]
 [  2.  16. 256.   2.]
 [  8.  32.  16.   2.]
 [  2.   8.   2.   0.]]
next action: UP

Step 183
[[  4.  32.   4.  32.]
 [  2.  16. 256.   4.]
 [  8.  32.  16.   2.]
 [  2.   8.   2.   0.]]
next action: RIGHT

Step 184
[[  4.  32.   4.  32.]
 [  2.  16. 256.   4.]
 [  8.  32.  16.   4.]
 [  4.   2.   8.   0.]]
next action: RIGHT

Step 185
[[  4.  32.   4.  32.]
 [  2.  16. 256.   8.]
 [  8.  32.  16.   8.]
 [  2.   4.   2.   0.]]
next action: UP

Step 186
[[  4.  32.   4.  32.]
 [  2.  16. 256.  16.]
 [  8.  32.  16.   2.]
 [  2.   4.   2.   0.]]
next action: RIGHT

Step 187
[[  4.  32.   4.  32.]
 [  2.  16. 256.  16.]
 [  8.  32.  16.   4.]
 [  2.   2.   4.   0.]]
next action: UP

Step 188
[[  4.  32.   4.  32.]
 [  2.  16. 256.  16.]
 [  8.  32.  16.   4.]
 [  2.   2.   4.   0.]]
next action: DOWN

Step 189
[[  4.  32.   8.   0.]
 [  2.  16. 256.  32.]
 [  8.  32.  32.   0.]
 [  4.   8.   0.   0.]]
next action: LEFT

Step 190
[[  4.  32.   8.   2.]
 [  2.  16. 256.  32.]
 [  8.  64.   0.   0.]
 [  4.   8.   0.   0.]]
next action: UP

Step 191
[[  4.  32.   8.   2.]
 [  2.  16. 256.  32.]
 [  8.  64.   0.   0.]
 [  4.   8.   0.   0.]]
next action: DOWN

Step 192
[[  4.  32.   2.   0.]
 [  2.  16.   0.   2.]
 [  8.  64.   8.   2.]
 [  4.   8. 256.  32.]]
next action: RIGHT

Step 193
[[  2.   4.  32.   2.]
 [  0.   2.  16.   2.]
 [  8.  64.   8.   2.]
 [  4.   8. 256.  32.]]
next action: DOWN

Step 194
[[  0.   4.  32.   2.]
 [  2.   2.  16.   2.]
 [  8.  64.   8.   4.]
 [  4.   8. 256.  32.]]
next action: RIGHT

Step 195
[[  0.   4.  32.   2.]
 [  2.   4.  16.   2.]
 [  8.  64.   8.   4.]
 [  4.   8. 256.  32.]]
next action: RIGHT

Step 196
[[  0.   4.  32.   2.]
 [  2.   4.  16.   2.]
 [  8.  64.   8.   4.]
 [  4.   8. 256.  32.]]
next action: LEFT

Step 197
[[  4.  32.   2.   4.]
 [  2.   4.  16.   4.]
 [  8.  64.   8.  32.]
 [  4.   8. 256.   0.]]
next action: DOWN

Step 198
[[  4.  32.   2.   0.]
 [  2.   4.  16.   2.]
 [  8.  64.   8.   8.]
 [  4.   8. 256.  32.]]
next action: RIGHT

Step 199
[[  2.   4.  32.   2.]
 [  2.   4.  16.   2.]
 [  0.   8.  64.  16.]
 [  4.   8. 256.  32.]]
next action: UP

Step 200
[[  4.   8.  32.   4.]
 [  4.  16.  16.  16.]
 [  0.   0.  64.  32.]
 [  0.   2. 256.   0.]]
next action: RIGHT

Step 201
[[  4.   8.  32.   4.]
 [  0.   4.  16.  32.]
 [  0.   2.  64.  32.]
 [  0.   0.   2. 256.]]
next action: RIGHT

Step 202
[[  4.   8.  32.   4.]
 [  0.   4.  16.  32.]
 [  0.   2.  64.  32.]
 [  0.   0.   2. 256.]]
next action: LEFT

Step 203
[[  4.   8.  32.   4.]
 [  4.  16.  32.   0.]
 [  2.  64.  32.   0.]
 [  2. 256.   2.   0.]]
next action: DOWN

Step 204
[[  0.   8.   0.   2.]
 [  0.  16.  32.   0.]
 [  8.  64.  64.   0.]
 [  4. 256.   2.   4.]]
next action: RIGHT

Step 205
[[  0.   0.   8.   2.]
 [  0.   0.  16.  32.]
 [  0.   2.   8. 128.]
 [  4. 256.   2.   4.]]
next action: RIGHT

Step 206
[[  0.   0.   8.   2.]
 [  0.   0.  16.  32.]
 [  0.   2.   8. 128.]
 [  4. 256.   2.   4.]]
next action: LEFT

Step 207
[[  8.   2.   0.   0.]
 [ 16.  32.   2.   0.]
 [  2.   8. 128.   0.]
 [  4. 256.   2.   4.]]
next action: DOWN

Step 208
[[  8.   2.   0.   0.]
 [ 16.  32.   2.   0.]
 [  2.   8. 128.   0.]
 [  4. 256.   2.   4.]]
next action: LEFT

Step 209
[[  8.   2.   0.   0.]
 [ 16.  32.   2.   0.]
 [  2.   8. 128.   0.]
 [  4. 256.   2.   4.]]
next action: DOWN

Step 210
[[  8.   2.   0.   0.]
 [ 16.  32.   2.   0.]
 [  2.   8. 128.   0.]
 [  4. 256.   2.   4.]]
next action: LEFT

Step 211
[[  8.   2.   0.   0.]
 [ 16.  32.   2.   0.]
 [  2.   8. 128.   0.]
 [  4. 256.   2.   4.]]
next action: UP

Step 212
[[  8.   2.   2.   4.]
 [ 16.  32. 128.   0.]
 [  2.   8.   2.   0.]
 [  4. 256.   0.   2.]]
next action: UP

Step 213
[[  8.   2.   2.   4.]
 [ 16.  32. 128.   2.]
 [  2.   8.   2.   0.]
 [  4. 256.   2.   0.]]
next action: LEFT

Step 214
[[  8.   4.   4.   0.]
 [ 16.  32. 128.   2.]
 [  2.   8.   2.   0.]
 [  4. 256.   2.   2.]]
next action: RIGHT

Step 215
[[  0.   0.   8.   8.]
 [ 16.  32. 128.   2.]
 [  0.   2.   8.   2.]
 [  2.   4. 256.   4.]]
next action: RIGHT

Step 216
[[  0.   0.   0.  16.]
 [ 16.  32. 128.   2.]
 [  2.   2.   8.   2.]
 [  2.   4. 256.   4.]]
next action: UP

Step 217
[[ 16.  32. 128.  16.]
 [  4.   2.   8.   4.]
 [  2.   4. 256.   4.]
 [  0.   0.   0.   0.]]
next action: DOWN

Step 218
[[  0.   2.   0.   0.]
 [ 16.  32. 128.   0.]
 [  4.   2.   8.  16.]
 [  2.   4. 256.   8.]]
next action: RIGHT

Step 219
[[  0.   0.   2.   2.]
 [  0.  16.  32. 128.]
 [  4.   2.   8.  16.]
 [  2.   4. 256.   8.]]
next action: UP

Step 220
[[  4.  16.   2.   2.]
 [  2.   2.  32. 128.]
 [  0.   4.   8.  16.]
 [  2.   0. 256.   8.]]
next action: RIGHT

Step 221
[[  2.   4.  16.   4.]
 [  2.   4.  32. 128.]
 [  0.   4.   8.  16.]
 [  0.   2. 256.   8.]]
next action: UP

Step 222
[[  4.   8.  16.   4.]
 [  2.   4.  32. 128.]
 [  0.   2.   8.  16.]
 [  0.   0. 256.   8.]]
next action: UP

Step 223
[[  4.   8.  16.   4.]
 [  2.   4.  32. 128.]
 [  0.   2.   8.  16.]
 [  0.   0. 256.   8.]]
next action: DOWN

Step 224
[[  0.   2.  16.   4.]
 [  2.   8.  32. 128.]
 [  4.   4.   8.  16.]
 [  2.   2. 256.   8.]]
next action: UP

Step 225
[[  4.  16.   4.   0.]
 [  4.   8.  32. 128.]
 [  2.   4.   8.  16.]
 [  4.   2. 256.   8.]]
next action: DOWN

Step 226
[[  2.  16.   4.   0.]
 [  8.   8.  32. 128.]
 [  2.   4.   8.  16.]
 [  4.   2. 256.   8.]]
next action: UP

Step 227
[[  2.  16.   4. 128.]
 [ 16.  32.  16.   0.]
 [  2.   4.  16.   0.]
 [  4.   2. 256.   4.]]
next action: DOWN

Step 228
[[  2.  16.   0.   2.]
 [ 16.  32.   4.   0.]
 [  2.   4.  32. 128.]
 [  4.   2. 256.   4.]]
next action: RIGHT

Step 229
[[  0.   2.  16.   2.]
 [  2.  16.  32.   4.]
 [  2.   4.  32. 128.]
 [  4.   2. 256.   4.]]
next action: UP

Step 230
[[  4.   2.  16.   2.]
 [  4.  16.  64.   4.]
 [  2.   4. 256. 128.]
 [  0.   2.   0.   4.]]
next action: LEFT

Step 231
[[  4.   2.  16.   2.]
 [  4.  16.  64.   4.]
 [  2.   4. 256. 128.]
 [  2.   4.   0.   2.]]
next action: DOWN

Step 232
[[  0.   2.   0.   2.]
 [  2.   2.  16.   4.]
 [  8.  16.  64. 128.]
 [  4.   8. 256.   2.]]
next action: DOWN

Step 233
[[  0.   0.   2.   2.]
 [  2.   4.  16.   4.]
 [  8.  16.  64. 128.]
 [  4.   8. 256.   2.]]
next action: RIGHT

Step 234
[[  0.   0.   2.   4.]
 [  2.   4.  16.   4.]
 [  8.  16.  64. 128.]
 [  4.   8. 256.   2.]]
next action: LEFT

Step 235
[[  2.   4.   0.   2.]
 [  2.   4.  16.   4.]
 [  8.  16.  64. 128.]
 [  4.   8. 256.   2.]]
next action: DOWN

Step 236
[[  0.   0.   2.   2.]
 [  4.   8.  16.   4.]
 [  8.  16.  64. 128.]
 [  4.   8. 256.   2.]]
next action: LEFT

Step 237
[[  4.   0.   2.   2.]
 [  4.   8.  16.   4.]
 [  8.  16.  64. 128.]
 [  4.   8. 256.   2.]]
next action: UP

Step 238
[[  8.   8.   2.   2.]
 [  8.  16.  16.   4.]
 [  4.   8.  64. 128.]
 [  2.   0. 256.   2.]]
next action: LEFT

Step 239
[[ 16.   4.   2.   2.]
 [  8.  32.   4.   0.]
 [  4.   8.  64. 128.]
 [  2. 256.   2.   0.]]
next action: LEFT

Step 240
[[ 16.   4.   4.   0.]
 [  8.  32.   4.   2.]
 [  4.   8.  64. 128.]
 [  2. 256.   2.   0.]]
next action: LEFT

Step 241
[[ 16.   8.   2.   0.]
 [  8.  32.   4.   2.]
 [  4.   8.  64. 128.]
 [  2. 256.   2.   0.]]
next action: UP

Step 242
[[ 16.   8.   2.   2.]
 [  8.  32.   4. 128.]
 [  4.   8.  64.   0.]
 [  2. 256.   2.   2.]]
next action: DOWN

Step 243
[[ 16.   8.   2.   4.]
 [  8.  32.   4. 128.]
 [  4.   8.  64.   2.]
 [  2. 256.   2.   0.]]
next action: LEFT

Step 244
[[ 16.   8.   2.   4.]
 [  8.  32.   4. 128.]
 [  4.   8.  64.   2.]
 [  2. 256.   2.   0.]]
next action: RIGHT

Step 245
[[ 16.   8.   2.   4.]
 [  8.  32.   4. 128.]
 [  4.   8.  64.   4.]
 [  2.   2. 256.   0.]]
next action: DOWN

Step 246
[[ 16.   8.   4.   0.]
 [  8.  32.   8.   0.]
 [  4.   8.  64. 128.]
 [  4. 256.   4.   0.]]
next action: DOWN

Step 247
[[  0.   8.   4.   0.]
 [ 16.  32.   8.   2.]
 [  8.   8.  64.   0.]
 [  8. 256.   4. 128.]]
next action: LEFT

Step 248
[[  8.   4.   0.   0.]
 [ 16.  32.   8.   2.]
 [ 16.  64.   0.   2.]
 [  8. 256.   4. 128.]]
next action: RIGHT

Step 249
[[  0.   2.   8.   4.]
 [ 16.  32.   8.   2.]
 [  0.  16.  64.   2.]
 [  8. 256.   4. 128.]]
next action: DOWN

Step 250
[[  0.   2.   0.   2.]
 [  0.  32.  16.   4.]
 [ 16.  16.  64.   4.]
 [  8. 256.   4. 128.]]
next action: UP

Step 251
[[ 16.   2.  16.   2.]
 [  8.  32.  64.   8.]
 [  0.  16.   4. 128.]
 [  0. 256.   2.   0.]]
next action: LEFT

Step 252
[[ 16.   2.  16.   2.]
 [  8.  32.  64.   8.]
 [ 16.   4. 128.   0.]
 [256.   2.   2.   0.]]
next action: UP

Step 253
[[ 16.   2.  16.   2.]
 [  8.  32.  64.   8.]
 [ 16.   4. 128.   0.]
 [256.   2.   2.   0.]]
next action: LEFT

Step 254
[[ 16.   2.  16.   2.]
 [  8.  32.  64.   8.]
 [ 16.   4. 128.   2.]
 [256.   4.   0.   0.]]
next action: DOWN

Step 255
[[ 16.   0.   0.   2.]
 [  8.   2.  16.   2.]
 [ 16.  32.  64.   8.]
 [256.   8. 128.   2.]]
next action: RIGHT

Step 256
[[  0.   2.  16.   2.]
 [  8.   2.  16.   2.]
 [ 16.  32.  64.   8.]
 [256.   8. 128.   2.]]
next action: LEFT

Step 257
[[  2.  16.   2.   4.]
 [  8.   2.  16.   8.]
 [ 16.  32.  64.   2.]
 [256.   8. 128.   0.]]
next action: DOWN

Step 258
[[  2.  16.   4.   0.]
 [  8.   2.  16.   4.]
 [ 16.  32.  64.   8.]
 [256.   8. 128.   2.]]
next action: LEFT

Step 259
[[  2.  16.   4.   0.]
 [  8.   2.  16.   4.]
 [ 16.  32.  64.   8.]
 [256.   8. 128.   2.]]
next action: DOWN

Step 260
[[  2.  16.   4.   0.]
 [  8.   2.  16.   4.]
 [ 16.  32.  64.   8.]
 [256.   8. 128.   2.]]
next action: LEFT

Step 261
[[  2.  16.   4.   0.]
 [  8.   2.  16.   4.]
 [ 16.  32.  64.   8.]
 [256.   8. 128.   2.]]
next action: LEFT

Step 262
[[  2.  16.   4.   0.]
 [  8.   2.  16.   4.]
 [ 16.  32.  64.   8.]
 [256.   8. 128.   2.]]
next action: DOWN

Step 263
[[  2.  16.   4.   0.]
 [  8.   2.  16.   4.]
 [ 16.  32.  64.   8.]
 [256.   8. 128.   2.]]
next action: RIGHT

Step 264
[[  2.   4.  32.   8.]
 [  8.  32.  64.   8.]
 [ 16.   8. 128.   2.]
 [256.   0.   0.   0.]]
next action: UP

Step 265
[[  2.   4.  32.  16.]
 [  8.  32.  64.   2.]
 [ 16.   8. 128.   0.]
 [256.   2.   0.   0.]]
next action: UP

Step 266
[[  2.   4.  32.  16.]
 [  8.  32.  64.   2.]
 [ 16.   8. 128.   0.]
 [256.   2.   0.   0.]]
next action: DOWN

Step 267
[[  2.   4.   0.   2.]
 [  8.  32.  32.   0.]
 [ 16.   8.  64.  16.]
 [256.   2. 128.   2.]]
next action: LEFT

Step 268
[[  2.   4.   2.   0.]
 [  8.  64.   0.   2.]
 [ 16.   8.  64.  16.]
 [256.   2. 128.   2.]]
next action: RIGHT

Step 269
[[  0.   2.   4.   2.]
 [  2.   8.  64.   2.]
 [ 16.   8.  64.  16.]
 [256.   2. 128.   2.]]
next action: LEFT

Step 270
[[  4.   4.   2.   4.]
 [ 16.  16. 128.  16.]
 [256.   2. 128.   2.]
 [  0.   0.   0.   0.]]
next action: RIGHT

Step 271
[[  0.   8.   2.   4.]
 [  0.  32. 128.  16.]
 [256.   2. 128.   2.]
 [  0.   0.   2.   0.]]
next action: LEFT

Step 272
[[  8.   2.   4.   0.]
 [ 32. 128.  16.   0.]
 [256.   2. 128.   2.]
 [  2.   2.   0.   0.]]
next action: RIGHT

Step 273
[[  0.   8.   2.   4.]
 [  0.  32. 128.  16.]
 [256.   2. 128.   2.]
 [  2.   0.   0.   4.]]
next action: UP

Step 274
[[256.   8.   2.   4.]
 [  2.  32. 256.  16.]
 [  0.   2.   0.   2.]
 [  0.   0.   2.   4.]]
next action: DOWN

Step 275
[[  0.   2.   0.   4.]
 [  0.   8.   2.  16.]
 [256.  32. 256.   2.]
 [  2.   2.   2.   4.]]
next action: UP

Step 276
[[256.   2.   2.   4.]
 [  2.   8. 256.  16.]
 [  2.  32.   2.   2.]
 [  0.   2.   0.   4.]]
next action: LEFT

Step 277
[[256.   4.   4.   0.]
 [  2.   8. 256.  16.]
 [  2.  32.   4.   0.]
 [  2.   4.   0.   2.]]
next action: RIGHT

Step 278
[[  2.   0. 256.   8.]
 [  2.   8. 256.  16.]
 [  0.   2.  32.   4.]
 [  0.   2.   4.   2.]]
next action: DOWN

Step 279
[[  0.   0.   0.   8.]
 [  0.   0. 512.  16.]
 [  2.   8.  32.   4.]
 [  4.   4.   4.   2.]]
next action: DOWN

Step 280
[[  0.   0.   0.   8.]
 [  0.   0. 512.  16.]
 [  2.   8.  32.   4.]
 [  4.   4.   4.   2.]]
next action: LEFT

Step 281
[[  8.   0.   0.   0.]
 [512.  16.   2.   0.]
 [  2.   8.  32.   4.]
 [  8.   4.   2.   0.]]
next action: RIGHT

Step 282
[[  0.   0.   0.   8.]
 [  0. 512.  16.   2.]
 [  2.   8.  32.   4.]
 [  2.   8.   4.   2.]]
next action: LEFT

Step 283
[[  8.   2.   0.   0.]
 [512.  16.   2.   0.]
 [  2.   8.  32.   4.]
 [  2.   8.   4.   2.]]
next action: LEFT

Step 284
[[  8.   2.   0.   0.]
 [512.  16.   2.   0.]
 [  2.   8.  32.   4.]
 [  2.   8.   4.   2.]]
next action: RIGHT

Step 285
[[  0.   0.   8.   2.]
 [  2. 512.  16.   2.]
 [  2.   8.  32.   4.]
 [  2.   8.   4.   2.]]
next action: LEFT

Step 286
[[  8.   2.   0.   2.]
 [  2. 512.  16.   2.]
 [  2.   8.  32.   4.]
 [  2.   8.   4.   2.]]
next action: UP

Step 287
[[  8.   2.  16.   4.]
 [  4. 512.  32.   4.]
 [  2.  16.   4.   2.]
 [  0.   0.   2.   0.]]
next action: DOWN

Step 288
[[  2.   2.  16.   0.]
 [  8.   2.  32.   0.]
 [  4. 512.   4.   8.]
 [  2.  16.   2.   2.]]
next action: RIGHT

Step 289
[[  2.   0.   4.  16.]
 [  0.   8.   2.  32.]
 [  4. 512.   4.   8.]
 [  0.   2.  16.   4.]]
next action: LEFT

Step 290
[[  2.   4.  16.   2.]
 [  8.   2.  32.   0.]
 [  4. 512.   4.   8.]
 [  2.  16.   4.   2.]]
next action: LEFT

Step 291
[[  2.   4.  16.   2.]
 [  8.   2.  32.   0.]
 [  4. 512.   4.   8.]
 [  2.  16.   4.   2.]]
next action: RIGHT

Step 292
[[  4.   4.  16.   2.]
 [  4.   8.   2.  32.]
 [  2. 512.   8.   8.]
 [  0.  16.   0.   2.]]
next action: UP

Step 293
[[  8.   4.  16.   2.]
 [  2.   8.   2.  32.]
 [  0. 512.   8.   8.]
 [  0.  16.   2.   2.]]
next action: UP

Step 294
[[  8.   4.  16.   2.]
 [  2.   8.   2.  32.]
 [  0. 512.   8.   8.]
 [  0.  16.   2.   2.]]
next action: LEFT

Step 295
[[  8.   4.  16.   2.]
 [  2.   8.   2.  32.]
 [512.  16.   0.   2.]
 [ 16.   4.   0.   0.]]
next action: DOWN

Step 296
[[  8.   4.   0.   2.]
 [  2.   8.   0.   2.]
 [512.  16.  16.  32.]
 [ 16.   4.   2.   2.]]
next action: UP

Step 297
[[  8.   4.  16.   4.]
 [  2.   8.   2.  32.]
 [512.  16.   0.   2.]
 [ 16.   4.   2.   0.]]
next action: RIGHT

Step 298
[[  8.   4.  16.   4.]
 [  2.   8.   2.  32.]
 [  0. 512.  16.   2.]
 [  2.  16.   4.   2.]]
next action: DOWN

Step 299
[[  0.   4.  16.   0.]
 [  2.   8.   2.   4.]
 [  8. 512.  16.  32.]
 [  4.  16.   4.   4.]]
next action: UP

Step 300
[[  2.   4.  16.   4.]
 [  8.   8.   2.  32.]
 [  4. 512.  16.   4.]
 [  4.  16.   4.   0.]]
next action: DOWN

Step 301
[[  2.   4.  16.   0.]
 [  2.   8.   2.   4.]
 [  8. 512.  16.  32.]
 [  8.  16.   4.   4.]]
next action: UP

Step 302
[[  4.   4.  16.   4.]
 [ 16.   8.   2.  32.]
 [  2. 512.  16.   4.]
 [  0.  16.   4.   0.]]
next action: LEFT

Step 303
[[  8.  16.   4.   0.]
 [ 16.   8.   2.  32.]
 [  2. 512.  16.   4.]
 [ 16.   4.   0.   2.]]
next action: DOWN

Step 304
[[  8.  16.   4.   0.]
 [ 16.   8.   4.  32.]
 [  2. 512.   2.   4.]
 [ 16.   4.  16.   2.]]
next action: RIGHT

Step 305
[[  2.  16.  16.   4.]
 [ 16. 512.   4.  32.]
 [  2.   4.   2.   4.]
 [ 16.   0.  16.   2.]]
next action: UP

Step 306
[[  2.  16.  16.   4.]
 [ 16. 512.   4.  32.]
 [  2.   4.   2.   4.]
 [ 16.   0.  16.   2.]]
next action: RIGHT

Step 307
[[  0.   2.  32.   4.]
 [ 16. 512.   4.  32.]
 [  2.   4.   2.   4.]
 [  2.   2.  32.   2.]]
next action: DOWN

Step 308
[[  0.   2.  32.   4.]
 [  2. 512.   4.  32.]
 [ 16.   4.   2.   4.]
 [  4.   2.  32.   2.]]
next action: RIGHT

Step 309
[[  0.   2.  32.   4.]
 [  2. 512.   4.  32.]
 [ 16.   4.   2.   4.]
 [  4.   2.  32.   2.]]
next action: LEFT

Step 310
[[  4.  32.   8.   2.]
 [ 16. 512.   2.  32.]
 [  4.   4.  32.   4.]
 [  0.   2.   0.   2.]]
next action: UP

Step 311
[[  4.  32.   8.   2.]
 [ 16. 512.   2.  32.]
 [  4.   4.  32.   4.]
 [  0.   2.   0.   2.]]
next action: UP

Step 312
[[  4.  32.   8.   2.]
 [ 16. 512.   2.  32.]
 [  4.   4.  32.   4.]
 [  0.   2.   0.   2.]]
next action: DOWN

Step 313
[[  0.  32.   2.   2.]
 [  4. 512.   8.  32.]
 [ 16.   4.   2.   4.]
 [  4.   2.  32.   2.]]
next action: RIGHT

Step 314
[[  2.   0.  32.   4.]
 [  4. 512.   8.  32.]
 [ 16.   4.   2.   4.]
 [  4.   2.  32.   2.]]
next action: LEFT
